7312944906
8277662445
1197607973
8224314081
7479607724
8068466164
9129511169
3453900184
3486932648
6384932898
5721961223
5037317458
8796947403
4906373421
5363085667
7229165349
4751395202
4345598942
8584908480
2993106911
9762438384
7655532973
1685720342
6669136013
9107374431
7524156955
8657607702
5281312974
5055165930
9503735739
7384896383
4401925414
9269856405
8084760787
4351995028
2436781848
5478953793
4089820124
1646765365
6246023227
3432939072
1086376270
1026289119
1378299255
3147683993
9149240122
5974757252
8934879709
1884369070
2079243827
5373060179
8873262298
3864170625
9756798956
6732670469
4475941598
9193786051
9972890774
8193633210
2669655101
5494187023
2306963540
1581530458
9125201461
3756644666
6063506169
3089978702
5949081678
4785326484
9739553094
9192294439
3679522740
8207457108
4518045475
1195764135
7432547566
1684770160
5008977393
7522128117
9323000955
4676256530
8872215655
8629242042
7106055175
4313038498
1697684889
4243088702
1255435583
9505458734
4348854739
3743884104
8947927073
9026474617
1879321985
7162571842
5941645491
6402896293
7458409921
5552996819
7563925771
5827633246
4286418819
6568733353
4233634366
3159383135
9998319644
8625511793
1928189243
4749030313
9876519463
1637450405
3459114016
3607571994
2603824293
6632493708
9016772219
2831878638
4318795839
4761453473
1806915225
3159689912
1054333073
1326391747
4818817769
9463296332
7333598436
4006842330
4351222435
8489228142
2614188546
6215956243
7876739266
5186334503
7863397912
7375525220
7142866179
5074042681
1704899679
3362236231
1746807292
4974969951
2464949419
9688785248
5643726133
9299391974
8266935292
3224204504
1006392070
4402686023
4435540129
4047582561
1631045436
6169207990
5754618582
4423140106
8718073379
5373796302
4217492155
9578082821
8079399677
4471420818
7898776807
7923955085
4027470823
2894300647
5499043932
3274801960
5896871304
3401571697
9966832849
4829557635
1322209502
9997028741
3043782393
5045041331
4698084069
1047680438
2437348770
7905018660
4346321946
8279526943
3116933889
3358518388
9311642724
3132849733
4491344369
9866630418
2976455792
8503559531
9057724660
3932133246
9474516011
4721052230
9145757165
2425010617
6637674766
8296741342
5749531129
2634752817
8491766063
2909189198
4798824120
6531468618
6807749563
6076466691
9264876328
7882928406
3759985608
4721690686
6222216402
3448287524
3184325835
8645439784
1583395166
7476977959
4401751163
6381717739
4872517653
8596042250
3387750584
3415844755
7866869212
1754118050
9953038428
7888016410
1998802546
6013936199
3095766593
4911283061
1025118544
6715087103
5461172559
3476284113
2124670587
2506297007
7032379278
4693972756
2464333955
8111141710
4614383488
8934250303
3225367336
3288274978
9822315240
8084675477
9775720732
8292447367
4729478094
8617681136
9591761007
9206195757
8423635575
4926293292
5126594201
8316049957
7115630872
6612326245
5122104388
3164464086
2204744985
1686754403
7397055677
6421781205
8973314346
9513082428
5464462608
9776149573
2055463145
2423029059
3877335420
8552525097
8284415126
4215724095
3324324686
5769377200
1739482550
4227639658
7762117339
6553328159
3834799127
8055864264
2009105719
6108564872
1909050841
3656270458
2041374970
8331865207
5884199141
3146380969
8544440506
4801694119
7516317949
1041713214
4595484331
1118650855
5938778109
5913095023
1976805537
9528770178
6882261101
6184875102
3873418414
8233169958
9322817892
2187743787
9997302712
9625157455
3348045645
8477555276
2661192517
8824354408
9792728305
6387948818
3266696679
5898198518
2105015257
2838089262
2171656197
8413786382
5143773397
7232009067
7829473168
7101727226
7493523262
3932716882
1746664422
5162645166
1834330120
2917888430
9623411291
9629945987
5095961533
5489251160
1568783130
4429463040
4232165570
2534648340
3953251076
5369384729
6853619642
3338479381
6099056032
7165082590
9469837519
9349118426
6314210110
3736505148
8212149319
4795782924
4372463684
1878485922
5012607515
5381628597
6091877192
4111863856
4417362442
9295247685
4119111907
7879451749
8322137013
8135991496
8043472517
3068545928
7299830365
7945833578
3214722312
9734865704
6258453073
4877733731
6835676042
1434826688
9148462635
9112066524
8074977176
7475684199
7008073746
5006807975
4752309689
7057082572
1325125695
7844963442
5946659633
2381903173
9384311668
8723832065
5857651791
5064286800
5074611314
8956910818
2076583732
4253723291
7453068290
6936180317
4117869368
9453012971
3131411258
4969943863
1236690476
3258240976
1549058096
5664063656
2898767118
5934800980
9893311967
8635328613
6215454850
2845137826
6542965079
2407387241
1577908795
6659924667
2165466103
4385865875
8414465410
7432065297
8228658503
3104704539
9997783833
3762374456
3206631312
8945343511
1304884377
5777885284
2677934627
9967608282
3381585817
2835657126
5866698633
1845250151
6282764431
5573648549
8855675443
2725147976
8397324470
7634697721
2188186134
9595224905
5031925483
3861572548
6806065912
8627840765
2905950511
6265823107
7997646757
9426548495
5931431147
3526555742
4392787957
3971942680
9197678027
3191871792
4343341321
1845557032
5991870481
1214523066
5673829100
4297057147
7135243087
1969485484
8895969447
5278911489
1843709759
2031000463
3983904264
5455948632
8046638008
1329922473
4927911677
5528993913
8794206562
4716674512
1245093264
8838328643
6162034867
7262945089
4015428263
3498415164
2236289226
4848090947
7708306725
8906088217
7864878618
6577001236
3907525930
5024161753
4224341441
6139022350
7314580183
3302942092
3443572306
7232443303
5013828232
4748924110
1605145189
8905715864
6306043445
3811687088
7902322934
5367075829
3908761834
7837807606
6228337978
4411099908
3824798737
7208923430
2934559047
4127790190
3763656432
7041404945
1345263647
6899357119
5059300237
1858815745
6426860098
5147700245
5506959039
4326452298
4348507389
8669264569
5245008974
5381881218
2338148725
3433688687
7867997563
2089539180
1189825550
5026422793
8647210379
8883769206
4072205585
6554364936
6345881878
2603153595
7852489517
2789202388
5728917310
2654534883
1869806339
5961318243
1003588598
9637119425
1942229125
3603151535
2563429655
5482630918
1724864007
2138362845
4318766302
6798879695
9828590132
5225954181
7165047092
6285551343
2592905754
8378107436
6153410558
1623973461
5123477829
2126680963
4841392663
8443936438
3236294272
8302757597
3308212294
9205835819
9648252483
2983072041
2966704758
6462666517
3711212836
6935419178
6717449555
7926197661
8487783795
7047953972
3354216857
2433621228
1279334538
8543213263
9377102866
4018899394
4076873083
8638059348
5992337125
8358567449
2373054196
5951829960
5286821722
7266361101
3497431352
3074213931
6004932037
1708271320
4474993768
7629206120
9916321980
8275542350
4321805783
9579297669
1117044835
4229881914
8399283870
5367434778
6809689380
3952606875
9918408372
3715060016
3374744099
7602900806
1682486431
7611222394
4082845118
6179117712
2808530638
5096082519
5313643594
3106159298
9014906809
8459199190
9381229774
3187088518
7321397204
9481660789
6495954145
6587810660
9497157174
4011227356
9222728728
5558978224
5425150391
6326947018
4929178070
1649329383
5425737924
7078477133
2269666830
5041356436
2761794844
1577513264
6556777465
4137375471
6662896786
2939574561
6693556083
2361294722
3356919142
3578851250
1237006979
9876989286
8757158640
4789719871
8797320964
2655458227
4892010377
2809115145
9478820008
9316799311
3807118455
8473922327
7961072200
6251648393
3272139801
4683214039
2585859362
9275045781
7134871526
2601725133
4457564018
5231914333
7139645664
3737902070
9997412429
3203600216
1955240287
6147631815
3645494310
5196363989
3429259793
3276929216
5359074771
5653837312
9393064531
8363625135
3836812902
9735225985
9498709411
3462884836
2398605076
1739611360
8061721663
5285397881
2088203015
7545970577
9984996171
9564282387
5194361889
3352492164
8085583244
6797170854
4976167871
7135333497
5864012693
5539724049
6124412105
8157656097
4637151914
7556606351
8926036691
5991346524
8785447963
9791691104
7689439025
4263024729
7875075099
3791368355
8403347527
9429703470
9946730433
3568232018
4413213078
5315361832
9823875139
9528590806
8826284479
6483394012
2795630744
5571471524
8855826338
8938335834
4981025892
5067321086
3782834077
4517637129
6842801502
7138570651
2224521930
9942172488
1854961461
5871304498
1024506061
9568837629
6944779931
9116950649
4859466176
5866408930
5456499461
8386219560
4281322964
1036221150
8221160754
1988087630
2791057887
6649588126
6801656063
3126830047
4656637121
2056278492
3767866203
2379565531
9392737880
4689293089
2664924664
2709349214
5755340337
9844741091
9476409966
9112873446
5856817668
1592148795
6936818490
3287238212
9714774222
9145406576
9404283945
3884932579
3972143488
2069856846
9575151120
4283976474
8387187642
6428682449
6633629983
1985803474
6683332140
9892960470
8444501390
2941977512
1553967440
4096008661
2336070078
2747380019
7212788058
7205906128
4901160773
1363652992
4435778114
6734043943
9382036542
8288577083
7545756758
5858240341
5375651403
7885624555
2726298721
9448428019
7025929230
2102816860
3356431903
5576873351
6614113050
6222473234
6812375989
5475130283
8582776243
8433738613
3709616993
8966463893
7866436917
2706509624
7348305067
3178771980
1301117664
3933355096
3342651223
7169966063
9439938043
6843577541
8515278564
1253612985
4161640575
9004182812
5522651382
3032974773
8371800696
6002939022
3539256297
4345201634
6033031161
9218245815
2095689176
7798068840
8514597241
4483879065
5958360245
8442805666
1152041286
9673500037
5509296245
3667809239
4448921358
2178100860
4815630538
2745997098
5712143779
2376309530
9173493798
6848628809
1293307076
5146555000
2509192468
3554484176
1114362431
9093848528
2864767588
3461629395
7904720575
6732839842
2324696485
8631959049
8284463031
4032486646
7026509130
8776312544
9413935066
5112431677
5909733526
6337032023
8744852802
8761889757
5415473266
9664821390
5792962646
7104290781
9255966786
8121482263
6973357891
2588733552
1388638756
8078802831
9746131480
5314066145
9384903192
7449528520
4715654690
8494952245
8034171854
7611221341
6984966701
3687082659
1688899206
3138572829
2606732645
6625495094
9697161761
5004709441
7333551989
4299336217
7343892398
9387337804
5081277271
2095473365
1934188865
6826404643
2077258395
8043603573
4942787808
2254411883
2592277840
9834817147
5331362935
5392751402
7176708303
9219266554
5876455463
8815958691
2516790975
6006653088
2197329830
1879604276
9135633204
2649442352
1487322743
3291821762
1602969365
7753291465
7168287638
9792911698
3718695271
7588195637
6877158808
1847987084
5863043659
2194308487
7534132155
3219521999
8231432204
9816873876
9621242550
3037796765
2298673729
2031913841
1306987781
8126320650
3647875647
6657660441
7255429897
6056390532
1324366778
9713954288
6969371844
9623112184
7234732992
4814776216
7087652464
3114348116
9595898151
6524544801
2238311717
6112990563
9138342467
8479159289
6496908158
6498652418
4443243777
3983617470
4193363385
7045498024
6903408703
7299644418
2663945209
7971303781
9519421935
2111118794
4031656679
9964036097
7267865788
6255118894
8273169305
8674729153
3012865586
2327608471
4987550698
4236241751
3435506316
8503642507
9563628617
1384976848
8586282300
9915755857
3358136951
